%% change for how the R drive is mounted on your computer
masterDir = 'R:\';
masterDir =  'R:\McKenzieLab\';

%% DA2h3 (KEEP)
dirs = [...
    {[masterDir 'DonaldsonT\DA_animals_NEE-210817-124922\DA2h3-210817-161523']} ; ...
    {[masterDir 'DonaldsonT\DA_animals_NEE-210817-124922\DA2h3-210818-135519']} ; ...
    {[masterDir 'DonaldsonT\DA_animals_NEE-210817-124922\DA2h3-210819-115556']} ; ...
    {[masterDir 'DonaldsonT\DA_animals_NEE-210817-124922\DA2h3-210820-145938']} ; ...
    {[masterDir 'DonaldsonT\DA_animals_NEE-210817-124922\DA2h3-210821-084618']} ; ...
    {[masterDir 'DonaldsonT\DA_animals_NEE-210817-124922\DA2h3-210822-091253']} ; ...
    {[masterDir 'DonaldsonT\DA_animals_NEE-210817-124922\DA2h3-210823-161754']} ; ...
    {[masterDir 'DonaldsonT\DA_animals_NEE-210817-124922\DA2h3-210824-091830']} ; ...
    {[masterDir 'DonaldsonT\DA_animals_NEE-210817-124922\DA2h3-210825-094340']} ; ...
    {[masterDir 'DonaldsonT\DA_animals_NEE-210817-124922\DA2h3-210826-091103']} ; ...
    {[masterDir 'DonaldsonT\DA_animals_NEE-210817-124922\DA2h3-210827-112030']} ; ...
    {[masterDir 'DonaldsonT\DA_animals_NEE-210817-124922\DA2h3-210830-134951']} ; ...
    {[masterDir 'DonaldsonT\DA_animals_NEE-210817-124922\DA2h3-210831-142633']} ; ...
    {[masterDir 'DonaldsonT\DA_animals_NEE-210817-124922\DA2h3-210901-111232']} ; ...
    {[masterDir 'DonaldsonT\DA_animals_NEE-210817-124922\DA2h3-210902-122150']}; ...
    ];


%% NE2m3 (KEEP)
dirs = [...
    {[masterDir 'DonaldsonT\DA_animals_NEE-210817-124922\NE2m3-210819-123801']} ; ...
    {[masterDir 'DonaldsonT\DA_animals_NEE-210817-124922\NE2m3-210820-140801']} ; ...
    {[masterDir 'DonaldsonT\DA_animals_NEE-210817-124922\NE2m3-210821-081259']} ; ...
    {[masterDir 'DonaldsonT\DA_animals_NEE-210817-124922\NE2m3-210822-094611']} ; ...
    {[masterDir 'DonaldsonT\DA_animals_NEE-210817-124922\NE2m3-210823-165050']} ; ...
    {[masterDir 'DonaldsonT\DA_animals_NEE-210817-124922\NE2m3-210824-124626']} ; ...
    {[masterDir 'DonaldsonT\DA_animals_NEE-210817-124922\NE2m3-210825-101604']} ; ...
    {[masterDir 'DonaldsonT\DA_animals_NEE-210817-124922\NE2m3-210826-105416']} ; ...
    {[masterDir 'DonaldsonT\DA_animals_NEE-210817-124922\NE2m3-210827-104741']} ; ...
    {[masterDir 'DonaldsonT\DA_animals_NEE-210817-124922\NE2m3-210830-130702']} ; ...
    {[masterDir 'DonaldsonT\DA_animals_NEE-210817-124922\NE2m3-210831-135215']} ; ...
    {[masterDir 'DonaldsonT\DA_animals_NEE-210817-124922\NE2m3-210901-103622']} ; ...
    {[masterDir 'DonaldsonT\DA_animals_NEE-210817-124922\NE2m3-210902-114718']} ; ...
    {[masterDir 'DonaldsonT\DA_animals_NEE-210817-124922\NE2m3-210903-092753']} ; ...
    {[masterDir 'DonaldsonT\DA_animals_NEE-210817-124922\NE2m3-210907-135954']} ; ...
    ];

%% NO RESPONSE
% 
% dirs = [...
%     {[masterDir 'DonaldsonT\DA_animals_NEE-210817-124922\DA2h1\DA2h1-210817-130415']} ; ...
%     {[masterDir 'DonaldsonT\DA_animals_NEE-210817-124922\DA2h1\DA2h1-210819-140301']} ; ...
%     {[masterDir 'DonaldsonT\DA_animals_NEE-210817-124922\DA2h1\DA2h1-210823-150453']} ; ...
%     {[masterDir 'DonaldsonT\DA_animals_NEE-210817-124922\DA2h1\DA2h1-210824-132044']} ; ...
%     {[masterDir 'DonaldsonT\DA_animals_NEE-210817-124922\DA2h1\DA2h1-210825-110018']} ; ...
%     {[masterDir 'DonaldsonT\DA_animals_NEE-210817-124922\DA2h1\DA2h1-210826-145040']} ; ...
%     {[masterDir 'DonaldsonT\DA_animals_NEE-210817-124922\DA2h1\DA2h1-210827-135245']} ; ...
%     {[masterDir 'DonaldsonT\DA_animals_NEE-210817-124922\DA2h1\DA2h1-210830-142332']} ; ...
%     {[masterDir 'DonaldsonT\DA_animals_NEE-210817-124922\DA2h1\DA2h1-210831-145937']} ; ...
%     {[masterDir 'DonaldsonT\DA_animals_NEE-210817-124922\DA2h1\DA2h1-210901-114549']} ; ...
%     {[masterDir 'DonaldsonT\DA_animals_NEE-210817-124922\DA2h1\DA2h1-210902-125554']} ; ...
%     {[masterDir 'DonaldsonT\DA_animals_NEE-210817-124922\DA2h1\DA2h1-210903-104015']} ; ...
%     {[masterDir 'DonaldsonT\DA_animals_NEE-210817-124922\DA2h1\DA2h1-210907-132533']} ; ...
%     ];
%
%% DA2h4 (KEEP)
dirs = [...
    {[masterDir 'DonaldsonT\DA_animals_NEE-210817-124922\DA2h4-210927-152919']} ; ...
    {[masterDir 'DonaldsonT\DA_animals_NEE-210817-124922\DA2h4-210928-135333']} ; ...
    {[masterDir 'DonaldsonT\DA_animals_NEE-210817-124922\DA2h4-210929-141310']} ; ...
    {[masterDir 'DonaldsonT\DA_animals_NEE-210817-124922\DA2h4-210930-152412']} ; ...
    {[masterDir 'DonaldsonT\DA_animals_NEE-210817-124922\DA2h4-211001-122043']} ; ...
    {[masterDir 'DonaldsonT\DA_animals_NEE-210817-124922\DA2h4-211002-133705']} ; ...
    {[masterDir 'DonaldsonT\DA_animals_NEE-210817-124922\DA2h4-211003-121913']} ; ...
    {[masterDir 'DonaldsonT\DA_animals_NEE-210817-124922\DA2h4-211004-103754']} ; ...
    {[masterDir 'DonaldsonT\DA_animals_NEE-210817-124922\DA2h4-211005-115604']} ; ...
    {[masterDir 'DonaldsonT\DA_animals_NEE-210817-124922\DA2h4-211006-125255']} ; ...
    {[masterDir 'DonaldsonT\DA_animals_NEE-210817-124922\DA2h4-211007-112940']} ; ...
    {[masterDir 'DonaldsonT\DA_animals_NEE-210817-124922\DA2h4-211008-092022']} ; ...
    {[masterDir 'DonaldsonT\DA_animals_NEE-210817-124922\DA2h4-211009-125249']} ; ...
    {[masterDir 'DonaldsonT\DA_animals_NEE-210817-124922\DA2h4-211010-093531']} ; ...
    {[masterDir 'DonaldsonT\DA_animals_NEE-210817-124922\DA2h4-211011-135337']} ; ...
    ];

%% NE2h4 (KEEP)
dirs = [...
    {[masterDir 'DonaldsonT\DA_animals_NEE-210817-124922\NE2h4\NE2h4-220119-104713']} ; ...
    {[masterDir 'DonaldsonT\DA_animals_NEE-210817-124922\NE2h4\NE2h4-220131-131223']} ; ...
    {[masterDir 'DonaldsonT\DA_animals_NEE-210817-124922\NE2h4\NE2h4-220201-135617']} ; ...
    {[masterDir 'DonaldsonT\DA_animals_NEE-210817-124922\NE2h4\NE2h4-220202-091338']} ; ...
    {[masterDir 'DonaldsonT\DA_animals_NEE-210817-124922\NE2h4\NE2h4-220203-142033']} ; ...
    {[masterDir 'DonaldsonT\DA_animals_NEE-210817-124922\NE2h4\NE2h4-220204-135854']} ; ...
    {[masterDir 'DonaldsonT\DA_animals_NEE-210817-124922\NE2h4\NE2h4-220207-104742']} ; ...
    {[masterDir 'DonaldsonT\DA_animals_NEE-210817-124922\NE2h4\NE2h4-220208-134340']} ; ...
    {[masterDir 'DonaldsonT\DA_animals_NEE-210817-124922\NE2h4\NE2h4-220209-114835']} ; ...
    {[masterDir 'DonaldsonT\DA_animals_NEE-210817-124922\NE2h4\NE2h4-220210-135040']} ; ...
    {[masterDir 'DonaldsonT\DA_animals_NEE-210817-124922\NE2h4\NE2h4-220211-122642']} ; ...
    ];

%% NE2h5 (??)
dirs = [...
    {[masterDir 'DonaldsonT\DA_animals_NEE-210817-124922\NE2h5-220119-120430']} ; ...
    {[masterDir 'DonaldsonT\DA_animals_NEE-210817-124922\NE2h5-220120-120308']} ; ...
];





%% NE2h6 (unstable, signal unknown)

dirs = [...
    {[masterDir 'DonaldsonT\DA_animals_NEE-210817-124922\NE2h6-220207-124942']} ; ...

];



%% NE2h7 (KEEP) first 3 exclude had to start sequence over
